1	15282.7918225	15791.716063	1.0	1.0
2	15124.6918754	15630.7771862	1.0	1.0
3	14936.84096	15439.7630154	1.0	1.0
4	14701.8232106	15202.7186387	1.0	1.0
5	14395.038704	14895.733045	1.0	1.0
6	13984.0228845	14488.4520985	1.0	1.0
7	13427.8604592	13945.2860858	1.0	1.0
8	12682.0311973	13223.3986986	1.0	1.0
9	11696.7786196	12274.682113	1.0	1.0
10	10451.333987	11077.2041144	1.0	1.0
11	8965.09353525	9654.89324107	1.0	1.0
12	7319.59079693	8075.57348968	1.0	1.0
13	5668.70445371	6472.98381266	1.0	1.0
14	4159.78213872	4977.58134834	1.0	1.0
15	2882.78973422	3664.9310688	1.0	1.0
16	1900.35908698	2605.53865714	1.0	1.0
17	1212.92607078	1813.29789579	1.0	1.0
18	758.602644913	1244.1259016	1.0	1.0
19	471.545559242	843.984823753	1.0	1.0
20	298.325994422	559.047758717	1.0	1.0
21	197.235580547	378.007893794	1.0	1.0
22	133.897851824	259.915230263	1.0	1.0
23	96.2865196455	183.551811519	1.0	1.0
24	78.9242525836	143.434267882	1.0	1.0
25	71.131873025	123.199348848	1.0	1.0
26	67.2421352786	112.425928933	1.0	1.0
27	65.0129862105	106.342641342	1.0	1.0
28	63.5475530484	102.68460746	1.0	1.0
29	62.4734027431	100.32827973	1.0	1.0
30	61.6240042711	98.693048731	1.0	1.0
31	60.9186660265	97.4657545505	1.0	1.0
32	60.3128610794	96.4781571156	1.0	1.0
33	59.7806706407	95.6376469951	1.0	1.0
34	59.3068425967	94.8868580698	1.0	1.0
35	58.8813434233	94.1934023935	1.0	1.0
36	58.4954877258	93.5448512715	1.0	1.0
37	58.1431269058	92.9310560681	1.0	1.0
38	57.8202250831	92.3462036555	1.0	1.0
39	57.5229404825	91.7873779103	1.0	1.0
40	57.2484805362	91.2521266943	1.0	1.0
41	56.994692667	90.7388788757	1.0	1.0
42	56.7707596645	90.2861925733	1.0	1.0
43	56.5735255447	89.9394516223	1.0	1.0
44	56.3854959568	89.5859566729	1.0	1.0
45	56.2058234506	89.2331775824	1.0	1.0
46	56.0345294976	88.8847359443	1.0	1.0
47	55.8696969729	88.5445130116	1.0	1.0
48	55.7122872743	88.2118775548	1.0	1.0
49	55.5613199125	87.8881615721	1.0	1.0
50	55.415905269	87.5741023657	1.0	1.0
51	55.2746721356	87.2704890584	1.0	1.0
52	55.1383548894	86.9761465714	1.0	1.0
53	55.0060631892	86.6904448516	1.0	1.0
54	54.8786562392	86.4123589864	1.0	1.0
55	54.7557337994	86.1421542885	1.0	1.0
56	54.636676631	85.8799029451	1.0	1.0
57	54.5194327558	85.6270910012	1.0	1.0
58	54.4047707399	85.3814289057	1.0	1.0
59	54.2932471572	85.1417142639	1.0	1.0
60	54.1843618609	84.9093835426	1.0	1.0
61	54.0785073997	84.6813530887	1.0	1.0
62	53.9749981036	84.4594593216	1.0	1.0
63	53.8735138227	84.2431765338	1.0	1.0
64	53.7728259157	84.0343140549	1.0	1.0
65	53.6746683463	83.8299072933	1.0	1.0
66	53.5788630418	83.6304020152	1.0	1.0
67	53.4847374331	83.435947828	1.0	1.0
68	53.3898446734	83.2273250797	1.0	1.0
69	53.2941401669	83.014677459	1.0	1.0
70	53.1861804163	82.7860548051	1.0	1.0
71	52.981394114	82.358751224	1.0	1.0
72	52.7748401273	81.9830587335	1.0	1.0
73	52.5836199523	81.6986041968	1.0	1.0
74	52.4024682055	81.4615961245	1.0	1.0
75	52.2295037832	81.2507439255	1.0	1.0
76	52.0639538948	81.0555974806	1.0	1.0
77	51.9060875533	80.8696727001	1.0	1.0
78	51.7540449012	80.6924004161	1.0	1.0
79	51.6099982503	80.5209790392	1.0	1.0
80	51.473835223	80.386674593	1.0	1.0
81	51.3169400537	80.1650198597	1.0	1.0
82	51.1655951762	79.9831599087	1.0	1.0
83	51.0180895485	79.8216790343	1.0	1.0
84	50.8740218467	79.672530195	1.0	1.0
85	50.7336547537	79.5308967313	1.0	1.0
86	50.5965259767	79.3947730357	1.0	1.0
87	50.462317105	79.2636597777	1.0	1.0
88	50.3311384113	79.1361910307	1.0	1.0
89	50.2029792781	79.0124212844	1.0	1.0
90	50.0774615054	78.8918326007	1.0	1.0
91	49.9540707913	78.7752867704	1.0	1.0
92	49.8336868418	78.6613110453	1.0	1.0
93	49.7162348903	78.5500212256	1.0	1.0
94	49.6014650041	78.4415376833	1.0	1.0
95	49.4887768223	78.3326713698	1.0	1.0
96	49.377698178	78.2278189206	1.0	1.0
97	49.2690823189	78.1256403859	1.0	1.0
98	49.1630830694	78.0260351034	1.0	1.0
99	49.0595668372	77.92896607	1.0	1.0
100	48.9584516489	77.834374445	1.0	1.0
101	48.8596337095	77.7421033511	1.0	1.0
102	48.7627621253	77.6522447842	1.0	1.0
103	48.6674930576	77.5646550927	1.0	1.0
104	48.5743727928	77.4771914521	1.0	1.0
105	48.4832561899	77.3917607652	1.0	1.0
106	48.3941860174	77.3083128196	1.0	1.0
107	48.3070995764	77.2268178808	1.0	1.0
108	48.2217073386	77.1471310627	1.0	1.0
109	48.1380576143	77.0694175999	1.0	1.0
110	48.0561516015	76.9935326534	1.0	1.0
111	47.9756834248	76.9193267715	1.0	1.0
112	47.8967081143	76.8472115982	1.0	1.0
113	47.8194140757	76.7767211093	1.0	1.0
114	47.7436051695	76.7075230382	1.0	1.0
115	47.6692648068	76.6400506633	1.0	1.0
116	47.5964822529	76.5742185685	1.0	1.0
117	47.5252144696	76.5099835106	1.0	1.0
118	47.4554198173	76.4473027824	1.0	1.0
119	47.3870579952	76.3861355193	1.0	1.0
120	47.3200048778	76.3264408314	1.0	1.0
121	47.2538610761	76.267307912	1.0	1.0
122	47.1890517568	76.2098058098	1.0	1.0
123	47.1260613521	76.15382243	1.0	1.0
124	47.0643592918	76.0983818356	1.0	1.0
125	47.0044831656	76.041846606	1.0	1.0
126	46.9456792437	75.9872441463	1.0	1.0
127	46.887896998	75.9344109154	1.0	1.0
128	46.8313501703	75.8830069213	1.0	1.0
129	46.7758496341	75.8330675198	1.0	1.0
130	46.7214071272	75.7845706705	1.0	1.0
131	46.667805991	75.7375937468	1.0	1.0
132	46.6152053173	75.6918343294	1.0	1.0
133	46.563577754	75.647222231	1.0	1.0
134	46.5128315002	75.6036993183	1.0	1.0
135	46.4624854267	75.5617199883	1.0	1.0
136	46.4130405216	75.5206823528	1.0	1.0
137	46.3644725857	75.4805584661	1.0	1.0
138	46.3167637582	75.4413329989	1.0	1.0
139	46.2698932106	75.4029958992	1.0	1.0
140	46.2234155787	75.3655325678	1.0	1.0
141	46.1771611615	75.3299172231	1.0	1.0
142	46.1316987139	75.2950792715	1.0	1.0
143	46.0870142741	75.2610061913	1.0	1.0
144	46.0430699232	75.2276927778	1.0	1.0
145	45.999843889	75.1951279256	1.0	1.0
146	45.9572985648	75.1633070727	1.0	1.0
147	45.9145169973	75.1329207298	1.0	1.0
148	45.8724046874	75.1032092121	1.0	1.0
149	45.8309504535	75.0741409263	1.0	1.0
150	45.7901362155	75.0457067663	1.0	1.0
151	45.7499437725	75.0179102487	1.0	1.0
152	45.7103174486	74.9907521943	1.0	1.0
153	45.6712100921	74.9642701489	1.0	1.0
154	45.6324919534	74.9384980645	1.0	1.0
155	45.5940636481	74.9134703584	1.0	1.0
156	45.5561734846	74.8896120111	1.0	1.0
157	45.5207037817	74.8730411809	1.0	1.0
158	45.4882853227	74.8665649416	1.0	1.0
159	45.4578281395	74.8686499365	1.0	1.0
160	45.4270558282	74.865955804	1.0	1.0
161	45.3964980876	74.8605365488	1.0	1.0
162	45.3662964744	74.8548211086	1.0	1.0
163	45.3364373984	74.8489131695	1.0	1.0
164	45.3069041713	74.842883822	1.0	1.0
165	45.2777199427	74.8364329691	1.0	1.0
166	45.2487477279	74.8291507175	1.0	1.0
167	45.2199374009	74.8211677746	1.0	1.0
168	45.1914117221	74.8134121335	1.0	1.0
169	45.1631595033	74.805837587	1.0	1.0
170	45.1351721986	74.7984224448	1.0	1.0
171	45.1074466453	74.7911624099	1.0	1.0
172	45.079972277	74.7840639034	1.0	1.0
173	45.0527418805	74.777130268	1.0	1.0
174	45.0257486172	74.7703656667	1.0	1.0
175	44.9989859985	74.7637741235	1.0	1.0
176	44.9724234332	74.757359109	1.0	1.0
177	44.9459944249	74.750951316	1.0	1.0
178	44.919804692	74.7450031801	1.0	1.0
179	44.8938009985	74.7393563315	1.0	1.0
180	44.8679966402	74.7340334	1.0	1.0
181	44.8423821036	74.7289887492	1.0	1.0
182	44.8169238351	74.7242219409	1.0	1.0
183	44.7916522071	74.7197282636	1.0	1.0
184	44.7665992964	74.7154951402	1.0	1.0
185	44.7417214366	74.7115076102	1.0	1.0
186	44.7169767089	74.7077569168	1.0	1.0
187	44.6922575433	74.7041421883	1.0	1.0
188	44.6676979317	74.7008446181	1.0	1.0
189	44.6432993617	74.6978104851	1.0	1.0
190	44.6190615043	74.6950101559	1.0	1.0
191	44.5949821753	74.6924259838	1.0	1.0
192	44.5710549701	74.6900494979	1.0	1.0
193	44.547311246	74.6878729394	1.0	1.0
194	44.5237787944	74.6859753162	1.0	1.0
195	44.5003883482	74.6842814918	1.0	1.0
196	44.4771335398	74.6827833832	1.0	1.0
197	44.4540184477	74.6815186783	1.0	1.0
198	44.4310455435	74.6805249184	1.0	1.0
199	44.4082033966	74.6797789431	1.0	1.0
200	44.3854884116	74.6792500928	1.0	1.0
201	44.3628865725	74.6789249604	1.0	1.0
202	44.3403131519	74.6788492461	1.0	1.0
203	44.3178615808	74.6790145785	1.0	1.0
204	44.2955301126	74.6793856527	1.0	1.0
205	44.2732827787	74.6799397461	1.0	1.0
206	44.2510978673	74.6806717085	1.0	1.0
207	44.229026022	74.6816271972	1.0	1.0
208	44.2070429853	74.6827663034	1.0	1.0
209	44.1850799091	74.6838469988	1.0	1.0
210	44.1632261798	74.6852329028	1.0	1.0
211	44.1414803952	74.6868670495	1.0	1.0
212	44.1198412088	74.6887107635	1.0	1.0
213	44.0983073143	74.6907431739	1.0	1.0
214	44.076877441	74.6929580572	1.0	1.0
215	44.055552314	74.6953458801	1.0	1.0
216	44.0343338961	74.6979004191	1.0	1.0
217	44.0132159033	74.7006152924	1.0	1.0
218	43.992198007	74.7034848983	1.0	1.0
219	43.9712798041	74.7065055299	1.0	1.0
220	43.9504523918	74.7096656225	1.0	1.0
221	43.9297209309	74.7129690964	1.0	1.0
222	43.9090843731	74.7164116621	1.0	1.0
223	43.8885418892	74.7199896309	1.0	1.0
224	43.8680925715	74.7237004969	1.0	1.0
225	43.8477348023	74.7275419111	1.0	1.0
226	43.8274679648	74.7315093749	1.0	1.0
227	43.8072911145	74.7356004036	1.0	1.0
228	43.7872028476	74.7398125707	1.0	1.0
229	43.7671970005	74.7441527688	1.0	1.0
230	43.7472748517	74.7486510844	1.0	1.0
231	43.7274303401	74.7532820204	1.0	1.0
232	43.7076692769	74.7580400515	1.0	1.0
233	43.6879908504	74.7629189367	1.0	1.0
234	43.6683942632	74.7679145881	1.0	1.0
235	43.6488787321	74.7730239521	1.0	1.0
236	43.6294434873	74.7782444724	1.0	1.0
237	43.6100877717	74.7835738378	1.0	1.0
238	43.5908108411	74.7889993761	1.0	1.0
239	43.5716092857	74.7945256911	1.0	1.0
240	43.5524810344	74.8001531456	1.0	1.0
241	43.5334294011	74.8058808555	1.0	1.0
242	43.5144193056	74.8117070883	1.0	1.0
243	43.4954403308	74.8175954148	1.0	1.0
244	43.4765359693	74.8236900783	1.0	1.0
245	43.4577112914	74.8299420103	1.0	1.0
246	43.4389848808	74.8363667391	1.0	1.0
247	43.4203274037	74.8429325859	1.0	1.0
248	43.4017346406	74.8496274023	1.0	1.0
249	43.3832190007	74.8564795337	1.0	1.0
250	43.3647877665	74.8635906371	1.0	1.0
251	43.3464232397	74.870812426	1.0	1.0
252	43.3281250334	74.878144848	1.0	1.0
253	43.3099230478	74.8855844996	1.0	1.0
254	43.2918605683	74.8932629775	1.0	1.0
255	43.2738637303	74.9010240572	1.0	1.0
256	43.2559287178	74.9088825258	1.0	1.0
257	43.2380550468	74.9168403515	1.0	1.0
258	43.2202420047	74.9248957953	1.0	1.0
259	43.2024876571	74.9330449854	1.0	1.0
260	43.1847932387	74.9412855199	1.0	1.0
261	43.1671582908	74.9496135424	1.0	1.0
262	43.1495802813	74.9580255928	1.0	1.0
263	43.1320547003	74.9665106216	1.0	1.0
264	43.1145854529	74.9750756241	1.0	1.0
265	43.0971521649	74.9836888834	1.0	1.0
266	43.0797753346	74.9924502638	1.0	1.0
267	43.0624545445	75.001330903	1.0	1.0
268	43.0451913206	75.0103141654	1.0	1.0
269	43.0280306771	75.0193850305	1.0	1.0
270	43.0109228606	75.0285558839	1.0	1.0
271	42.9938674993	75.0378204354	1.0	1.0
272	42.9768642262	75.047173229	1.0	1.0
273	42.9599126786	75.0566095375	1.0	1.0
274	42.9430124975	75.0661252383	1.0	1.0
275	42.9261602685	75.0757167054	1.0	1.0
276	42.9093536389	75.0853760447	1.0	1.0
277	42.8925973007	75.0951054537	1.0	1.0
278	42.8758917718	75.1049024405	1.0	1.0
279	42.8592396482	75.1147675096	1.0	1.0
280	42.8426363608	75.1246945243	1.0	1.0
281	42.8260804231	75.13468213	1.0	1.0
282	42.809573097	75.1447285569	1.0	1.0
283	42.7931140563	75.1548322468	1.0	1.0
284	42.7767296528	75.1649916815	1.0	1.0
285	42.7603813169	75.1750607962	1.0	1.0
286	42.7440795436	75.1853435876	1.0	1.0
287	42.7278226346	75.1957822329	1.0	1.0
288	42.7116019915	75.2063482492	1.0	1.0
289	42.6953842403	75.2169869067	1.0	1.0
290	42.6791998344	75.2277985682	1.0	1.0
291	42.6625079916	75.2428317348	1.0	1.0
292	42.6458665697	75.2570276929	1.0	1.0
293	42.6292737233	75.2707747603	1.0	1.0
294	42.6127284123	75.2842868618	1.0	1.0
295	42.5962299453	75.2976711299	1.0	1.0
296	42.5797778087	75.3110099624	1.0	1.0
297	42.5633715898	75.3243448217	1.0	1.0
298	42.5470109354	75.3376999147	1.0	1.0
299	42.5306955295	75.3510895161	1.0	1.0
300	42.5144250794	75.3645218075	1.0	1.0
