1	15241.731842	15739.307478	15240.6761976	15738.2518336
2	15132.3107333	15627.6227781	15131.177247	15626.4892918
3	15021.9660361	15514.9493228	15020.7363947	15513.7196814
4	14910.2122874	15400.7914403	14908.8678855	15399.4470384
5	14796.5616148	15284.6532979	14795.0833935	15283.1750766
6	14680.5192692	15166.0348858	14678.8875481	15164.4031646
7	14561.580668	15044.4295971	14559.7749662	15042.6238953
8	14439.2308941	14919.324323	14437.229736	14917.3231649
9	14312.9480263	14790.2033689	14310.7287267	14787.9840693
10	14182.2122184	14656.5579739	14179.750644	14654.0963994
11	14046.5230008	14517.90368	14043.7933048	14515.173984
12	13905.4275987	14373.8080297	13902.4019323	14370.7823634
13	13758.5626095	14223.9306024	13755.2108177	14220.5788106
14	13605.7092124	14068.0754044	13601.998535	14064.3647271
15	13446.8569736	13906.2509586	13442.7517873	13902.1457724
16	13282.2626777	13738.7254266	13277.7243324	13734.1870813
17	13112.480886	13566.0547985	13107.4676991	13561.0416116
18	12938.3401739	13389.0592223	12932.8076395	13383.526688
19	12760.854142	13208.7367578	12754.7553716	13202.6379874
20	12581.0891859	13026.1355704	12574.3755315	13019.421916
21	12400.0384342	12842.2323266	12392.660186	12834.8540784
22	12218.545486	12657.8589993	12210.4525255	12649.7660388
23	12037.2871013	12473.6866557	12028.4294286	12464.828983
24	11856.7939071	12290.2455317	11847.1220224	12280.573647
25	11677.4824967	12107.9555057	11666.9476571	12097.4206661
26	11499.6830329	11927.1518997	11488.2374201	11915.7062869
27	11323.6582162	11748.1030423	11311.2550449	11735.699871
28	11149.6155048	11571.0216723	11136.2090936	11557.6152612
29	10977.7156355	11396.0731412	10963.2614523	11381.6189581
30	10808.0795628	11223.3823317	10792.5342518	11207.8370206
31	10640.7947561	11053.0400605	10624.1161504	11036.3614548
32	10475.921051	10885.1090557	10458.0681753	10867.2561799
33	10313.4959565	10719.6293652	10294.4290207	10700.5624294
34	10153.5392866	10556.6230582	10133.2196747	10536.3034463
35	9996.05705899	10396.0981671	9974.4473123	10374.4884204
36	9841.04467728	10238.0518971	9818.10847576	10215.1156955
37	9688.48947095	10082.473185	9664.19161225	10058.1753263
38	9538.37268787	9929.34470687	9512.67906537	9903.65108436
39	9390.67103921	9778.64443589	9363.54861948	9751.52201616
40	9245.35788791	9630.34684473	9216.77468802	9601.76364485
41	9102.4041584	9484.42382832	9072.32922327	9454.3488932
42	8961.77903105	9340.84541143	8930.18241106	9309.24879145
43	8823.45047163	9199.58029084	8790.30320056	9166.43301977
44	8687.38563496	9060.59625094	8652.65970834	9025.87032432
45	8553.55117268	8923.86048272	8517.21952661	8887.52883665
46	8421.91346818	8789.33982895	8383.94995861	8751.37631937
47	8292.43881601	8657.00097284	8252.81819844	8617.38035526
48	8165.09355888	8526.81058342	8123.79146859	8485.50849312
49	8039.84419233	8398.73542761	7996.83712501	8355.72836029
50	7916.65744451	8272.74245664	7871.92273738	8228.00774952
51	7795.50033686	8148.7988725	7749.0161502	8102.31468584
52	7676.34023011	8026.87217906	7628.08552916	7978.61747811
53	7559.14485873	7906.93022107	7509.09939608	7856.88475842
54	7443.88235662	7788.94121379	7392.02665491	7737.08551207
55	7330.52127588	7672.87376513	7276.83661092	7619.18910018
56	7219.03060011	7558.69689215	7163.49898436	7503.16527641
57	7109.37975355	7446.38003272	7051.98391995	7388.98419912
58	7001.53860691	7335.89305375	6942.261993	7276.61643984
59	6895.47748051	7227.20625638	6834.30421297	7166.03298884
60	6791.16714542	7120.29037893	6728.08202488	7057.20525839
61	6688.57882302	7015.11659799	6623.56730916	6950.10508413
62	6587.68418318	6911.65652808	6520.73238019	6844.70472509
63	6488.45534151	6809.88222008	6419.54998381	6740.97686237
64	6390.86485583	6709.76615878	6319.99329405	6638.89459699
65	6294.88572195	6611.28125967	6222.03590926	6538.43144697
66	6200.49136905	6514.40086513	6125.6518477	6439.56134378
67	6107.65565462	6419.09874014	6030.8155428	6342.25862832
68	6016.35285919	6325.3490677	5937.50183808	6246.49804659
69	5926.55768077	6233.12644384	5845.68598192	6152.25474499
70	5838.24522921	6142.4058725	5755.34362211	6059.5042654
71	5751.39102038	6053.16276023	5666.45080031	5968.22254017
72	5665.97097032	5965.37291076	5578.98394643	5878.38588686
73	5581.96138938	5879.01251944	5492.91987295	5789.97100301
74	5499.33897624	5794.05816771	5408.23576927	5702.95496074
75	5418.08081202	5710.48681744	5324.90919597	5617.31520139
76	5338.16435441	5628.27580536	5242.91807914	5533.02953009
77	5259.56743176	5547.40283738	5162.24070477	5450.0761104
78	5182.26823727	5467.84598304	5082.85571308	5368.43345885
79	5106.24532324	5389.5836699	5004.74209296	5288.08043962
80	5031.47759531	5312.59467798	4927.87917649	5208.99625916
81	4957.94430683	5236.85813433	4852.24663343	5131.16046094
82	4885.62505325	5162.35350752	4777.82446586	5054.55292014
83	4814.4997666	5089.06060228	4704.59300281	4979.15383849
84	4744.54871006	5016.95955415	4632.53289502	4904.94373911
85	4675.75247256	4946.03082424	4561.62510976	4831.90346144
86	4608.09196347	4876.25519397	4491.85092566	4760.01415615
87	4541.54840739	4807.61375999	4423.19192768	4689.25728027
88	4476.103339	4740.08792907	4355.63000215	4619.61459222
89	4411.73859795	4673.65941311	4289.14733184	4551.068147
90	4348.43632392	4608.31022422	4223.72639112	4483.60029143
91	4286.17895164	4544.02266982	4159.34994124	4417.19365942
92	4224.94920608	4480.77934789	4096.00102559	4351.8311674
93	4164.73009767	4418.56314222	4033.66296512	4287.49600967
94	4105.50491758	4357.35721776	3972.31935381	4224.17165399
95	4047.25723315	4297.14501606	3911.95405417	4161.84183707
96	3989.9708833	4237.91025075	3852.55119283	4100.49056029
97	3933.62997404	4179.63690307	3794.09515628	4040.10208531
98	3878.21887413	4122.30921755	3736.5705865	3980.66092992
99	3823.7222107	4065.91169764	3679.96237689	3922.15186383
100	3770.12486497	4010.42910153	3624.25566804	3864.5599046
101	3717.41196812	3955.84643795	3569.43584373	3807.87031356
102	3665.56889712	3902.14896207	3515.48852694	3752.06859189
103	3614.58127065	3849.32217145	3462.39957587	3697.14047668
104	3564.43494518	3797.35180209	3410.15508015	3643.07193707
105	3515.11601098	3746.22382449	3358.74135699	3589.84917051
106	3466.61078828	3695.92443982	3308.14494744	3537.45859899
107	3418.90582348	3646.44007612	3258.35261274	3485.88686539
108	3371.9878854	3597.75738459	3209.35133069	3435.12082988
109	3325.84396162	3549.86323591	3161.12829208	3385.14756637
110	3280.46125483	3502.74471662	3113.6708972	3335.95435899
111	3235.82717932	3456.38912562	3066.96675241	3287.5286987
112	3191.92935747	3410.78397061	3021.00366673	3239.85827988
113	3148.75561627	3365.91696474	2975.76964852	3192.93099699
114	3106.29398401	3321.77602315	2931.25290222	3146.73494135
115	3064.5326869	3278.3492597	2887.44182509	3101.25839788
116	3023.4601458	3235.62498367	2844.32500408	3056.48984194
117	2983.06497304	3193.59169657	2801.8912127	3012.41793623
118	2943.33596921	3152.23808897	2760.12940793	2969.0315277
119	2904.26212007	3111.55303738	2719.02872726	2926.31964457
120	2865.8325935	3071.52560119	2678.57848565	2884.27149334
121	2828.03673647	3032.14501967	2638.76817269	2842.87645589
122	2790.86407207	2993.40070899	2599.58744967	2802.12408659
123	2754.30429665	2955.28225935	2561.0261468	2762.0041095
124	2718.34727688	2917.77943206	2523.0742604	2722.50641558
125	2682.98304701	2880.88215676	2485.72195021	2683.62105996
126	2648.20180602	2844.58052863	2448.95953666	2645.33825927
127	2613.99391498	2808.86480568	2412.77749828	2607.64838898
128	2580.3498943	2773.72540605	2377.16646906	2570.54198081
129	2547.26042116	2739.1529054	2342.11723591	2534.00972015
130	2514.71632684	2705.13803428	2307.62073616	2498.04244361
131	2482.70859425	2671.67167562	2273.66805509	2462.63113646
132	2451.22835537	2638.74486217	2240.25042346	2427.76693026
133	2420.26688882	2606.34877409	2207.35921519	2393.44110046
134	2389.8156174	2574.47473648	2174.98594494	2359.64506401
135	2359.86610574	2543.114217	2143.12226584	2326.37037709
136	2330.41005794	2512.25882354	2111.7599672	2293.6087328
137	2301.43931526	2481.9003019	2080.89097229	2261.35195892
138	2272.94585386	2452.03053351	2050.50733611	2229.59201576
139	2244.92178256	2422.6415332	2020.60124327	2198.32099392
140	2217.35934066	2393.72544702	1991.16500583	2167.53111218
141	2190.25089578	2365.27455005	1962.19106119	2137.21471546
142	2163.58894173	2337.2812443	1933.6719701	2107.36427267
143	2137.36609643	2309.73805661	1905.60041456	2077.97237474
144	2111.57509984	2282.63763657	1877.96919589	2049.03173261
145	2086.20881199	2255.97275454	1850.77123272	2020.53517527
146	2061.26021094	2229.73629965	1823.99955911	1992.47564782
147	2036.72239085	2203.92127781	1797.64732263	1964.84620959
148	2012.58856008	2178.52080984	1771.70778248	1937.64003225
149	1988.85203926	2153.52812952	1746.17430772	1910.85039798
150	1965.50625949	2128.93658178	1721.0403754	1884.47069769
151	1942.54476045	2104.73962084	1696.29956882	1858.49442921
152	1919.96118865	2080.93080841	1671.94557579	1832.91519554
153	1897.74929565	2057.50381193	1647.9721869	1807.72670318
154	1875.90293633	2034.45240284	1624.37329386	1782.92276037
155	1854.41606716	2011.77045484	1601.1428878	1758.49727548
156	1833.28274453	1989.45194221	1578.27505768	1734.44425536
157	1812.49712313	1967.49093818	1555.76398866	1710.75780371
158	1792.05345428	1945.88161327	1533.60396053	1687.43211952
159	1771.94608434	1924.6182337	1511.78934617	1664.46149553
160	1752.16945317	1903.69515982	1490.31460999	1641.84031665
161	1732.71809256	1883.10684456	1469.17430648	1619.56305849
162	1713.58662469	1862.84783188	1448.36307869	1597.62428588
163	1694.76976068	1842.91275529	1427.87565678	1576.01865139
164	1676.2622991	1823.2963364	1407.70685662	1554.74089393
165	1658.0591245	1803.99338342	1387.85157838	1533.7858373
166	1640.15520604	1784.99878977	1368.30480512	1513.14838885
167	1622.54559604	1766.30753266	1349.06160145	1492.82353807
168	1605.22542863	1747.91467171	1330.1171122	1472.80635528
169	1588.1899184	1729.81534761	1311.46656108	1453.0919903
170	1571.43435905	1712.00478077	1293.10524944	1433.67567116
171	1554.95412211	1694.47827	1275.02855494	1414.55270283
172	1538.74465564	1677.23119124	1257.23193032	1395.71846592
173	1522.80148295	1660.25899629	1239.71090218	1377.16841551
174	1507.12020138	1643.55721152	1222.46106976	1358.8980799
175	1491.69648106	1627.12143671	1205.47810376	1340.90305941
176	1476.52606372	1610.94734378	1188.75774515	1323.17902521
177	1461.60476147	1595.03067563	1172.29580405	1305.7217182
178	1446.92845571	1579.36724497	1156.08815855	1288.52694781
179	1432.4930959	1563.95293318	1140.13075366	1271.59059094
180	1418.29469849	1548.78368915	1124.41960016	1254.90859082
181	1404.32934579	1533.85552821	1108.95077355	1238.47695596
182	1390.5931849	1519.16453099	1093.72041297	1222.29175906
183	1377.0824266	1504.70684239	1078.72472019	1206.34913598
184	1363.79334434	1490.47867048	1063.95995856	1190.6452847
185	1350.72227319	1476.4762855	1049.42245201	1175.17646432
186	1337.86560881	1462.6960188	1035.10858405	1159.93899405
187	1325.21980645	1449.13426188	1021.01479681	1144.92925224
188	1312.78137998	1435.78746535	1007.13759007	1130.14367543
189	1300.54690092	1422.65213798	993.473520316	1115.57875737
190	1288.51299745	1409.72484574	980.019199826	1101.23104812
191	1276.67635353	1397.00221089	966.771295737	1087.0971531
192	1265.03370793	1384.48091098	953.726529161	1073.17373222
193	1253.58185335	1372.15767803	940.8816743	1059.45749898
194	1242.31763552	1360.02929755	928.233557574	1045.9452196
195	1231.23795234	1348.09260772	915.779056771	1032.63371216
196	1220.33975296	1336.34449851	903.515100203	1019.51984575
197	1209.62003702	1324.78191079	891.438665885	1006.60053965
198	1199.07585374	1313.40183555	879.546780719	993.872762524
199	1188.70430115	1302.20131304	867.836519692	981.333531576
200	1178.50252525	1291.17743196	856.305005098	968.979911807
201	1168.46771923	1280.32732868	844.949405757	956.80901521
202	1158.59712268	1269.64818644	833.766936257	944.818000017
203	1148.88802086	1259.1372346	822.75485621	933.004069943
204	1139.3377439	1248.79174784	811.910469508	921.364473446
205	1129.94366607	1238.60904546	801.231123609	909.896503005
206	1120.70320505	1228.58649064	790.714208816	898.597494398
207	1111.61382125	1218.72148967	780.357157586	887.464826001
208	1102.67301704	1209.0114913	770.157443834	876.4959181
209	1093.87833609	1199.45398603	760.112582259	865.688232202
210	1085.22736269	1190.04650538	750.22012768	855.039270372
211	1076.71772108	1180.78662128	740.477674375	844.546574572
212	1068.34707478	1171.67194535	730.882855444	834.207726014
213	1060.11312593	1162.70012828	721.433342169	824.020344521
214	1052.01361468	1153.86885918	712.126843394	813.982087902
215	1044.04631852	1145.17586494	702.961104911	804.090651334
216	1036.20905173	1136.61890963	693.933908858	794.343766755
217	1028.49966469	1128.19579384	685.043073121	784.739202273
218	1020.91604334	1119.90435415	676.28645076	775.27476157
219	1013.45610858	1111.74246249	667.661929425	765.948283333
220	1006.11781568	1103.70802557	659.167430798	756.757640681
221	998.899153724	1095.7989843	650.800910035	747.700740611
222	991.798145033	1088.01331325	642.560355224	738.775523444
223	984.81284464	1080.34902009	634.44378684	729.979962289
224	977.941339735	1072.80414502	626.449257227	721.312062508
225	971.181749134	1065.37676026	618.574850068	712.769861196
226	964.532222759	1058.06496954	610.818679883	704.351426665
227	957.990941119	1050.86690754	603.17889152	696.05485794
228	951.556114813	1043.78073941	595.653659666	687.878284259
229	945.225984021	1036.80466025	588.241188353	679.819864586
230	938.998818026	1029.93689467	580.93971049	671.877787129
231	932.872914724	1023.17569621	573.747487382	664.050268865
232	926.846600157	1016.51934696	566.662808276	656.335555077
233	920.918228044	1009.96615704	559.6839899	648.731918892
234	915.086179325	1003.51446414	552.809376018	641.237660835
235	909.348861711	997.162633105	546.037336989	633.851108383
236	903.704709238	990.909055432	539.366269334	626.570615528
237	898.152181839	984.75214888	532.794595311	619.394562351
238	892.689764909	978.690357013	526.320762494	612.321354598
239	887.315968885	972.722148789	519.943243361	605.349423265
240	882.029328836	966.846018137	513.660534892	598.477224192
241	876.828404052	961.060483545	507.471158165	591.703237659
242	871.711777644	955.364087665	501.373657969	585.02596799
243	866.678056151	949.755396907	495.366602415	578.443943171
244	861.725869153	944.233001055	489.448582556	571.955714458
245	856.853868888	938.795512882	483.618212016	565.559856011
246	852.060729879	933.44156777	477.874126624	559.254964515
247	847.345148567	928.169823343	472.214984048	553.039658824
248	842.705842944	922.978959099	466.639463445	546.9125796
249	838.141552202	917.867676051	461.146265108	540.872388958
250	833.651036378	912.834696377	455.734110126	534.917770126
251	829.233076012	907.878763069	450.401740042	529.047427099
252	824.886471807	902.998639591	445.147916523	523.260084307
253	820.610044298	898.19310955	439.971421033	517.554486285
254	816.402633517	893.460976356	434.87105451	511.929397349
255	812.263098681	888.801062903	429.845637053	506.383601274
256	808.190317866	884.212211248	424.894007604	500.915900986
257	804.183187699	879.693282298	420.01502365	495.525118249
258	800.240623053	875.243155497	415.207560918	490.210093362
259	796.361556739	870.860728525	410.470513077	484.969684863
260	792.544939218	866.544917	405.80279145	479.802769232
261	788.789738301	862.29465418	401.203324727	474.708240607
262	785.094938868	858.108890677	396.671058682	469.685010491
263	781.459542582	853.986594171	392.204955894	464.732007484
264	777.882567614	849.92674913	387.803995481	459.848176997
265	774.36304837	845.928356535	383.467172824	455.032480989
266	770.900035219	841.990433609	379.193499308	450.283897699
267	767.492594234	838.112013554	374.982002061	445.601421382
268	764.139806929	834.292145283	370.831723698	440.984062053
269	760.840770005	830.529893166	366.741722073	436.430845234
270	757.594595099	826.824336779	362.711070027	431.940811707
271	754.400408535	823.174570648	358.738855149	427.513017262
272	751.257351085	819.579704012	354.824179538	423.146532465
273	748.164577727	816.038860576	350.966159563	418.840442412
274	745.121257411	812.551178276	347.163925637	414.593846503
275	742.126572826	809.115809047	343.416621986	410.405858207
276	739.179720179	805.731918592	339.723406427	406.27560484
277	736.279908965	802.398686157	336.083450149	402.202227341
278	733.426361747	799.115304308	332.495937492	398.184880053
279	730.618313948	795.880978716	328.960065742	394.22273051
280	727.855013628	792.694927939	325.475044913	390.314959224
281	725.135721282	789.556383213	322.040097546	386.460759477
282	722.459709633	786.464588242	318.654458508	382.659337117
283	719.826263428	783.418798999	315.317374786	378.909910357
284	717.23467924	780.418283519	312.028105298	375.211709576
285	714.684265274	777.462321704	308.785920695	371.563977125
286	712.174341173	774.550205131	305.590103176	367.965967134
287	709.704237828	771.681236856	302.439946297	364.416945326
288	707.273297195	768.854731233	299.33475479	360.916188828
289	704.880872109	766.070013721	296.273844382	357.462985993
290	702.526326108	763.326420708	293.256541617	354.056636217
291	700.20903325	760.623299331	290.282183681	350.696449762
292	697.928377944	757.960007299	287.350118232	347.381747587
293	695.68375478	755.335912722	284.459703229	344.111861171
294	693.474568353	752.750393937	281.610306767	340.886132351
295	691.300233107	750.202839345	278.801306911	337.703913149
296	689.160173167	747.692647245	276.03209154	334.564565619
297	687.053822177	745.219225671	273.302058184	331.467461678
298	684.980623148	742.781992233	270.610613869	328.411982954
299	682.940028299	740.380373962	267.957174967	325.397520629
300	680.931498908	738.013807154	265.341167042	322.423475288
